name: ml-agents
channels:
  - defaults
dependencies:
  - blas=1.0=mkl
  - bottleneck=1.4.2=py310h540bb41_1
  - bzip2=1.0.8=h2bbff1b_6
  - ca-certificates=2025.12.2=haa95532_0
  - expat=2.7.4=hd7fb8db_0
  - intel-openmp=2025.0.0=haa95532_1164
  - libexpat=2.7.4=hd7fb8db_0
  - libffi=3.4.4=hd77b12b_1
  - libhwloc=2.12.1=default_hfa10c62_1000
  - libiconv=1.18=hc89ec93_0
  - libxml2=2.13.9=h6201b9f_0
  - libzlib=1.3.1=h02ab6af_0
  - mkl=2025.0.0=h5da7b33_930
  - mkl-service=2.5.2=py310h0b37514_0
  - mkl_fft=2.1.1=py310h300f80d_0
  - mkl_random=1.3.0=py310ha5e6156_0
  - numexpr=2.14.1=py310h7660c64_0
  - numpy-base=2.2.5=py310h7794460_2
  - openssl=3.5.5=hbb43b14_0
  - packaging=25.0=py310haa95532_1
  - pandas=2.3.3=py310h42c1672_1
  - pip=26.0.1=pyhc872135_0
  - python=3.10.19=h981015d_0
  - python-dateutil=2.9.0post0=py310haa95532_2
  - python-tzdata=2025.3=pyhd3eb1b0_0
  - pytz=2025.2=py310haa95532_0
  - setuptools=80.10.2=py310haa95532_0
  - six=1.17.0=py310haa95532_0
  - sqlite=3.51.1=hda9a48d_0
  - tbb=2022.3.0=h90c84d6_0
  - tbb-devel=2022.3.0=h90c84d6_0
  - tk=8.6.15=hf199647_0
  - tzdata=2025c=he532380_0
  - ucrt=10.0.22621.0=haa95532_0
  - vc=14.3=h2df5915_10
  - vc14_runtime=14.44.35208=h4927774_10
  - vs2015_runtime=14.44.35208=ha6b5a95_10
  - wheel=0.46.3=py310haa95532_0
  - xz=5.8.2=h53af0af_0
  - zlib=1.3.1=h02ab6af_0
  - pip:
      - absl-py==2.4.0
      - attrs==25.4.0
      - cattrs==1.5.0
      - cloudpickle==3.1.2
      - grpcio==1.78.0
      - h5py==3.15.1
      - markdown==3.10.2
      - markupsafe==3.0.3
      - mlagents==0.28.0
      - mlagents-envs==0.28.0
      - numpy==1.26.4
      - pillow==12.1.1
      - protobuf==7.34.0
      - pypiwin32==223
      - pywin32==311
      - pyyaml==6.0.3
      - tensorboard==2.20.0
      - tensorboard-data-server==0.7.2
      - typing-extensions==4.15.0
      - werkzeug==3.1.6
prefix: C:\Users\logan\miniconda3\envs\ml-agents
